0AA 966
020 966
025 954
024 951
127 697
260 574
1C4 489
247 484
245 484
224 483
0B4 483
230 482
320 241
2A4 240
361 176
3A0 108
3F9 45
353 45
620 42
6C0 41
3B7 38
394 38
440 35
45C 34
44D 34
442 34
610 25
4AD 23
4A7 23
4A2 23
4A1 23
4A0 23
49C 23
498 23
4AF 22
4AE 22
4A8 22
49D 22
49B 22
49A 22
499 22
4AC 21
3D3 21
3B6 16
611 14
633 13
4A6 13
680 12
63D 12
63C 12
638 12
635 12
632 12
630 12
626 12
624 12
623 12
622 12
621 12
4C3 12
4C1 12
640 11
4DD 11
4DC 11
4C8 11
4C6 11
423 11
421 11
420 11
3BC 11
3BB 11
3B9 11
3B1 11
3B0 11
3A1 11
39B 11
399 11
38B 11
380 11
38A 10
383 5
600 4
060 4
381 3
614 2
612 2
382 2
